5.770892620086669922e+00
5.688610076904296875e+00
5.544241905212402344e+00
5.350951194763183594e+00
5.121626853942871094e+00
4.862881183624267578e+00
4.583356380462646484e+00
4.295611858367919922e+00
3.999439716339111328e+00
3.707214832305908203e+00
3.419895410537719727e+00
3.136177062988281250e+00
2.863455772399902344e+00
2.606596231460571289e+00
2.368536233901977539e+00
2.150163173675537109e+00
1.957107424736022949e+00
1.792771339416503906e+00
1.661725640296936035e+00
1.559804797172546387e+00
1.488197684288024902e+00
1.451648235321044922e+00
1.443407535552978516e+00
1.461792349815368652e+00
1.486430764198303223e+00
1.490378141403198242e+00
1.474511981010437012e+00
1.445973038673400879e+00
1.403610706329345703e+00
1.355949759483337402e+00
1.331991434097290039e+00
1.441380143165588379e+00
1.618541598320007324e+00
1.182524919509887695e+00
1.188784360885620117e+00
1.186237812042236328e+00
1.184186577796936035e+00
1.187250733375549316e+00
1.190922379493713379e+00
1.187818527221679688e+00
1.173039913177490234e+00
1.147181391716003418e+00
1.115612506866455078e+00
1.081140637397766113e+00
1.047080039978027344e+00
1.020447373390197754e+00
1.001493453979492188e+00
9.842879772186279297e-01
9.682387113571166992e-01
9.509077668190002441e-01
9.348451495170593262e-01
9.214546680450439453e-01
9.053952097892761230e-01
8.879497647285461426e-01
8.713880181312561035e-01
8.549950122833251953e-01
8.457280993461608887e-01
8.342145681381225586e-01
8.267474174499511719e-01
8.174431324005126953e-01
8.087940812110900879e-01
7.978096604347229004e-01
7.851721644401550293e-01
7.799126505851745605e-01
7.781139612197875977e-01
7.752083539962768555e-01
7.704824805259704590e-01
7.689577341079711914e-01
7.839087843894958496e-01
8.612496852874755859e-01
8.747260570526123047e-01
8.185612559318542480e-01
8.007671833038330078e-01
7.547133564949035645e-01
7.858901619911193848e-01
7.607195377349853516e-01
7.783918380737304688e-01
7.611261010169982910e-01
7.631945610046386719e-01
7.595037221908569336e-01
7.492495775222778320e-01
7.533981800079345703e-01
7.392598390579223633e-01
7.402223944664001465e-01
7.351101040840148926e-01
7.284318208694458008e-01
7.298414707183837891e-01
7.198131680488586426e-01
7.218934297561645508e-01
7.153327465057373047e-01
7.130894064903259277e-01
7.111542820930480957e-01
7.062112092971801758e-01
7.055411338806152344e-01
7.001961469650268555e-01
7.004977464675903320e-01
6.949967741966247559e-01
6.948122978210449219e-01
6.900143623352050781e-01
6.898875832557678223e-01
6.865823864936828613e-01
6.863133311271667480e-01
6.835862398147583008e-01
6.818366646766662598e-01
6.803346276283264160e-01
6.766176819801330566e-01
6.770353317260742188e-01
6.763550639152526855e-01
6.757673025131225586e-01
6.750454306602478027e-01
6.724253892898559570e-01
6.710979938507080078e-01
6.711929440498352051e-01
6.702017188072204590e-01
6.697738170623779297e-01
6.697551012039184570e-01
6.680294871330261230e-01
6.655064821243286133e-01
6.651674509048461914e-01
6.650815010070800781e-01
6.643432378768920898e-01
6.634964346885681152e-01
6.624878644943237305e-01
6.621660590171813965e-01
6.615906953811645508e-01
6.605901718139648438e-01
6.607380509376525879e-01
6.606327295303344727e-01
6.601436734199523926e-01
6.587885618209838867e-01
6.579627394676208496e-01
6.579164862632751465e-01
6.579414606094360352e-01
6.576015949249267578e-01
6.561418175697326660e-01
6.554163694381713867e-01
6.556972265243530273e-01
6.554125547409057617e-01
6.550537347793579102e-01
6.546535491943359375e-01
6.542262434959411621e-01
6.536695957183837891e-01
6.534012556076049805e-01
6.538128256797790527e-01
6.535819172859191895e-01
6.529287695884704590e-01
6.523249745368957520e-01
6.517891287803649902e-01
6.522871851921081543e-01
6.517232656478881836e-01
6.516933441162109375e-01
6.520767211914062500e-01
6.513563990592956543e-01
6.501851081848144531e-01
6.501430869102478027e-01
6.506293416023254395e-01
6.509180068969726562e-01
6.505914926528930664e-01
6.502169966697692871e-01
6.496552228927612305e-01
6.495111584663391113e-01
6.497300863265991211e-01
6.499765515327453613e-01
6.504897475242614746e-01
6.498930454254150391e-01
6.491663455963134766e-01
6.495568752288818359e-01
6.497781872749328613e-01
6.501600742340087891e-01
6.503460407257080078e-01
6.494859457015991211e-01
6.493275761604309082e-01
6.488432288169860840e-01
6.479048728942871094e-01
6.471371650695800781e-01
6.472827196121215820e-01
6.473348140716552734e-01
6.471174955368041992e-01
6.473993659019470215e-01
6.474569439888000488e-01
6.473313570022583008e-01
6.468034386634826660e-01
6.459975242614746094e-01
6.460158824920654297e-01
6.464874744415283203e-01
6.465284824371337891e-01
6.470187902450561523e-01
6.468860507011413574e-01
6.458694338798522949e-01
6.446073055267333984e-01
6.446363925933837891e-01
6.450476646423339844e-01
6.448832154273986816e-01
6.446201801300048828e-01
6.437709927558898926e-01
6.435489058494567871e-01
6.444707512855529785e-01
6.445895433425903320e-01
6.451334357261657715e-01
6.453036665916442871e-01
6.448073387145996094e-01
6.439856886863708496e-01
6.436866521835327148e-01
6.439836025238037109e-01
6.441726088523864746e-01
6.440129280090332031e-01
6.434358954429626465e-01
6.427757143974304199e-01
6.430947780609130859e-01
6.426293849945068359e-01
6.425978541374206543e-01
6.429769992828369141e-01
6.429580450057983398e-01
6.425597667694091797e-01
6.423010826110839844e-01
6.425850391387939453e-01
6.431506872177124023e-01
6.429703831672668457e-01
6.431961059570312500e-01
6.433959007263183594e-01
6.442115306854248047e-01
6.448137760162353516e-01
6.462821960449218750e-01
6.463133692741394043e-01
6.455943584442138672e-01
6.432621479034423828e-01
6.425447463989257812e-01
6.418643593788146973e-01
6.415985226631164551e-01
6.411879658699035645e-01
6.413468122482299805e-01
6.424403786659240723e-01
6.426258087158203125e-01
6.421648859977722168e-01
6.413601040840148926e-01
6.408923864364624023e-01
6.406056880950927734e-01
6.398768424987792969e-01
6.404972672462463379e-01
6.407495141029357910e-01
6.412492394447326660e-01
6.414842605590820312e-01
6.405034065246582031e-01
6.398984789848327637e-01
6.399059891700744629e-01
6.398240923881530762e-01
6.403062343597412109e-01
6.404232978820800781e-01
6.400943994522094727e-01
6.390489935874938965e-01
6.388307809829711914e-01
6.391257047653198242e-01
6.395264863967895508e-01
6.395379900932312012e-01
6.388755440711975098e-01
6.388123035430908203e-01
6.394621133804321289e-01
6.394506692886352539e-01
6.410375833511352539e-01
6.450809240341186523e-01
6.510572433471679688e-01
6.683467030525207520e-01
6.757760047912597656e-01
6.951431632041931152e-01
6.494249105453491211e-01
6.424122452735900879e-01
6.624312400817871094e-01
6.471709012985229492e-01
6.429131031036376953e-01
6.525335907936096191e-01
6.436852216720581055e-01
6.429210901260375977e-01
6.481328606605529785e-01
6.402526497840881348e-01
6.419730186462402344e-01
6.457763314247131348e-01
6.402639150619506836e-01
6.430352330207824707e-01
6.446828246116638184e-01
6.382700800895690918e-01
6.420028805732727051e-01
6.449195742607116699e-01
6.395299434661865234e-01
6.419148445129394531e-01
6.442658305168151855e-01
6.385366320610046387e-01
6.396607756614685059e-01
6.429750919342041016e-01
6.394937038421630859e-01
6.388159394264221191e-01
6.410467028617858887e-01
6.389907002449035645e-01
6.375849246978759766e-01
6.389911770820617676e-01
6.392683982849121094e-01
6.380607485771179199e-01
6.380316615104675293e-01
6.382776498794555664e-01
6.381025314331054688e-01
6.368371248245239258e-01
6.367369890213012695e-01
6.376431584358215332e-01
6.373016834259033203e-01
6.367030739784240723e-01
6.364327669143676758e-01
6.364648938179016113e-01
6.371096372604370117e-01
6.366454362869262695e-01
6.360774040222167969e-01
6.354327201843261719e-01
6.359480023384094238e-01
6.366961598396301270e-01
6.366717815399169922e-01
6.361364722251892090e-01
6.349540948867797852e-01
6.348282098770141602e-01
6.360308527946472168e-01
6.363390684127807617e-01
6.363860964775085449e-01
6.360725760459899902e-01
6.354255080223083496e-01
6.348887681961059570e-01
6.347485780715942383e-01
6.350131034851074219e-01
6.353787183761596680e-01
6.352907419204711914e-01
6.349059939384460449e-01
6.345530748367309570e-01
6.350394487380981445e-01
6.347932815551757812e-01
6.355015635490417480e-01
6.370513439178466797e-01
6.373720169067382812e-01
6.379796266555786133e-01
6.394103169441223145e-01
6.428303718566894531e-01
6.445444226264953613e-01
6.478468775749206543e-01
6.447119116783142090e-01
6.422623991966247559e-01
6.367719173431396484e-01
6.347216367721557617e-01
6.368262171745300293e-01
6.392086744308471680e-01
6.389173865318298340e-01
6.353902816772460938e-01
6.346247792243957520e-01
6.358786821365356445e-01
6.372796297073364258e-01
6.369481682777404785e-01
6.350636482238769531e-01
6.344810724258422852e-01
6.355800628662109375e-01
6.365597844123840332e-01
6.366906762123107910e-01
6.359384059906005859e-01
6.351922750473022461e-01
6.343673467636108398e-01
6.345371603965759277e-01
6.350945830345153809e-01
6.357907652854919434e-01
6.359825730323791504e-01
6.349188089370727539e-01
6.343230605125427246e-01
6.342457532882690430e-01
6.338850855827331543e-01
6.347059607505798340e-01
6.350736021995544434e-01
6.346656680107116699e-01
6.335995197296142578e-01
6.337700486183166504e-01
6.348725557327270508e-01
6.356288194656372070e-01
6.364696025848388672e-01
6.377948522567749023e-01
6.403298377990722656e-01
6.470134854316711426e-01
6.512893438339233398e-01
6.628240942955017090e-01
6.535501480102539062e-01
6.462036371231079102e-01
6.357754468917846680e-01
6.383771896362304688e-01
6.461998224258422852e-01
6.402798891067504883e-01
6.352994441986083984e-01
6.378436088562011719e-01
6.399637460708618164e-01
6.381807923316955566e-01
6.352463364601135254e-01
6.377171277999877930e-01
6.400166153907775879e-01
6.366602778434753418e-01
6.353197097778320312e-01
6.373587250709533691e-01
6.373490095138549805e-01
6.361604332923889160e-01
6.354205608367919922e-01
6.359633207321166992e-01
6.362102627754211426e-01
6.354945302009582520e-01
6.349881887435913086e-01
6.357967257499694824e-01
6.367959976196289062e-01
6.361439824104309082e-01
6.344875097274780273e-01
6.347046494483947754e-01
6.352881193161010742e-01
6.359856128692626953e-01
6.358453631401062012e-01
6.348868012428283691e-01
6.345835328102111816e-01
6.343980431556701660e-01
6.343491673469543457e-01
6.349002122879028320e-01
6.354254484176635742e-01
6.354529261589050293e-01
6.345355510711669922e-01
6.345944404602050781e-01
6.342124938964843750e-01
6.345325112342834473e-01
6.349579691886901855e-01
6.344712376594543457e-01
6.342800855636596680e-01
6.344045400619506836e-01
6.342298388481140137e-01
6.346341371536254883e-01
6.350461244583129883e-01
6.350734829902648926e-01
6.345561742782592773e-01
6.346871852874755859e-01
6.354496479034423828e-01
6.360933184623718262e-01
6.366454362869262695e-01
6.368778347969055176e-01
6.385818719863891602e-01
6.404880881309509277e-01
6.431201100349426270e-01
6.431152224540710449e-01
6.437817215919494629e-01
6.394755244255065918e-01
6.362626552581787109e-01
6.344479322433471680e-01
6.352433562278747559e-01
6.369457244873046875e-01
6.373940110206604004e-01
6.370673179626464844e-01
6.350799202919006348e-01
6.342388391494750977e-01
6.341856122016906738e-01
6.355880498886108398e-01
6.369731426239013672e-01
6.360535621643066406e-01
6.344228982925415039e-01
6.334363818168640137e-01
6.335457563400268555e-01
6.348997354507446289e-01
6.354069113731384277e-01
6.352401971817016602e-01
6.344943046569824219e-01
6.346268653869628906e-01
6.346196532249450684e-01
6.345422267913818359e-01
6.345542073249816895e-01
6.342141032218933105e-01
6.338222622871398926e-01
6.341252923011779785e-01
6.343371272087097168e-01
6.347417831420898438e-01
6.346474885940551758e-01
6.345475912094116211e-01
6.353877186775207520e-01
6.361254453659057617e-01
6.366873383522033691e-01
6.373301744461059570e-01
6.390826702117919922e-01
6.396604180335998535e-01
6.407145857810974121e-01
6.403350234031677246e-01
6.405699849128723145e-01
6.377723217010498047e-01
6.355265378952026367e-01
6.335521936416625977e-01
6.336888074874877930e-01
6.350081562995910645e-01
6.357467174530029297e-01
6.368453502655029297e-01
6.359015107154846191e-01
6.344071626663208008e-01
6.328884959220886230e-01
6.334167122840881348e-01
6.346715092658996582e-01
6.355008482933044434e-01
6.356731057167053223e-01
6.341630816459655762e-01
6.331251263618469238e-01
6.335442662239074707e-01
6.336455345153808594e-01
6.341520547866821289e-01
6.343660950660705566e-01
6.343198418617248535e-01
6.341604590415954590e-01
6.339913010597229004e-01
6.337836384773254395e-01
6.339464187622070312e-01
6.337165832519531250e-01
6.335222721099853516e-01
6.333416700363159180e-01
6.335702538490295410e-01
6.329066753387451172e-01
6.330970525741577148e-01
6.338242292404174805e-01
6.336016058921813965e-01
6.330575942993164062e-01
6.331506371498107910e-01
6.334935426712036133e-01
6.338367462158203125e-01
6.334341168403625488e-01
6.334214806556701660e-01
6.338603496551513672e-01
6.352384686470031738e-01
6.382023096084594727e-01
6.425828337669372559e-01
6.531974077224731445e-01
6.585498452186584473e-01
6.747466921806335449e-01
6.519086956977844238e-01
6.390357613563537598e-01
6.347401738166809082e-01
6.422591805458068848e-01
6.486063599586486816e-01
6.370895504951477051e-01
6.353501081466674805e-01
6.426348686218261719e-01
6.400588750839233398e-01
6.351829767227172852e-01
6.358377337455749512e-01
6.379401087760925293e-01
6.368579864501953125e-01
6.335474252700805664e-01
6.356687545776367188e-01
6.385216712951660156e-01
6.352623701095581055e-01
6.331207752227783203e-01
6.345964074134826660e-01
6.352487206459045410e-01
6.350183486938476562e-01
6.340171098709106445e-01
6.345100998878479004e-01
6.347805857658386230e-01
6.341584920883178711e-01
6.336652040481567383e-01
6.336377263069152832e-01
6.342222690582275391e-01
6.339806914329528809e-01
6.333290934562683105e-01
6.333573460578918457e-01
6.333214640617370605e-01
6.340761184692382812e-01
6.338149309158325195e-01
6.329916119575500488e-01
6.325229406356811523e-01
6.330710649490356445e-01
6.335316300392150879e-01
6.334682703018188477e-01
6.328722834587097168e-01
6.324279308319091797e-01
6.324346661567687988e-01
6.332766413688659668e-01
6.332116127014160156e-01
6.331940889358520508e-01
6.334400177001953125e-01
6.329787373542785645e-01
6.323326230049133301e-01
6.323155164718627930e-01
6.326286792755126953e-01
6.336175799369812012e-01
6.334612369537353516e-01
6.325548291206359863e-01
6.317883729934692383e-01
6.320388913154602051e-01
6.322948932647705078e-01
6.327259540557861328e-01
6.331900358200073242e-01
6.325635313987731934e-01
6.317163109779357910e-01
6.322141289710998535e-01
6.324229240417480469e-01
6.327669024467468262e-01
6.325349807739257812e-01
6.323303580284118652e-01
6.328640580177307129e-01
6.332308650016784668e-01
6.333926320075988770e-01
6.342165470123291016e-01
6.363356113433837891e-01
6.387421488761901855e-01
6.434801816940307617e-01
6.468616127967834473e-01
6.553094387054443359e-01
6.497697830200195312e-01
6.471530795097351074e-01
6.358295679092407227e-01
6.327349543571472168e-01
6.375159025192260742e-01
6.396009325981140137e-01
6.380274295806884766e-01
6.335345506668090820e-01
6.343928575515747070e-01
6.370559334754943848e-01
6.350888013839721680e-01
6.332002878189086914e-01
6.339082717895507812e-01
6.352910399436950684e-01
6.346180438995361328e-01
6.321612000465393066e-01
6.325258612632751465e-01
6.338260769844055176e-01
6.347486972808837891e-01
6.342888474464416504e-01
6.327626109123229980e-01
6.321709156036376953e-01
6.330585479736328125e-01
6.338850855827331543e-01
6.335058808326721191e-01
6.326671838760375977e-01
6.325351595878601074e-01
6.326522231101989746e-01
6.329347491264343262e-01
6.323648691177368164e-01
6.324210762977600098e-01
6.327175498008728027e-01
6.325640082359313965e-01
6.322432160377502441e-01
6.321334242820739746e-01
6.318557858467102051e-01
6.321979165077209473e-01
6.321040391921997070e-01
6.318600773811340332e-01
6.316567063331604004e-01
6.321601271629333496e-01
6.324610710144042969e-01
6.324526071548461914e-01
6.323364973068237305e-01
6.318726539611816406e-01
6.315503120422363281e-01
6.320950984954833984e-01
6.324042081832885742e-01
6.326585412025451660e-01
6.319981813430786133e-01
6.312756538391113281e-01
6.315330266952514648e-01
6.320101618766784668e-01
6.318354606628417969e-01
6.320247054100036621e-01
6.322377920150756836e-01
6.320359706878662109e-01
6.312019228935241699e-01
6.317217946052551270e-01
6.320581436157226562e-01
6.324316263198852539e-01
6.328572630882263184e-01
6.328376531600952148e-01
6.333873867988586426e-01
6.350256800651550293e-01
6.373817920684814453e-01
6.444953680038452148e-01
6.494912505149841309e-01
6.612063050270080566e-01
6.529764533042907715e-01
6.491194367408752441e-01
6.349870562553405762e-01
6.332621574401855469e-01
6.407290697097778320e-01
6.398909091949462891e-01
6.350098848342895508e-01
6.329652667045593262e-01
6.364390254020690918e-01
6.389089226722717285e-01
6.340268850326538086e-01
6.327515840530395508e-01
6.358193755149841309e-01
6.353222727775573730e-01
6.329830884933471680e-01
6.324145197868347168e-01
6.338626146316528320e-01
6.346953511238098145e-01
6.326047778129577637e-01
6.321420073509216309e-01
6.327609419822692871e-01
6.336997151374816895e-01
6.337697505950927734e-01
6.321370601654052734e-01
6.312739253044128418e-01
6.321793794631958008e-01
6.330938339233398438e-01
6.330337524414062500e-01
6.319757103919982910e-01
6.314709186553955078e-01
6.314353346824645996e-01
6.319552063941955566e-01
6.322418451309204102e-01
6.323683261871337891e-01
6.323721408843994141e-01
6.317011713981628418e-01
6.309856176376342773e-01
6.314979791641235352e-01
6.317856311798095703e-01
6.321095824241638184e-01
6.318178176879882812e-01
6.312468051910400391e-01
6.313275694847106934e-01
6.318268179893493652e-01
6.318840384483337402e-01
6.318266391754150391e-01
6.318213939666748047e-01
6.319684386253356934e-01
6.314811706542968750e-01
6.312673687934875488e-01
6.308281421661376953e-01
6.310488581657409668e-01
6.313709020614624023e-01
6.309884786605834961e-01
6.310229897499084473e-01
6.313003897666931152e-01
6.311938166618347168e-01
6.322522163391113281e-01
6.332185864448547363e-01
6.344937682151794434e-01
6.358276605606079102e-01
6.412593722343444824e-01
6.461623311042785645e-01
6.561997532844543457e-01
6.518997550010681152e-01
6.507411003112792969e-01
6.366257071495056152e-01
6.320857405662536621e-01
6.361133456230163574e-01
6.400178670883178711e-01
6.383367776870727539e-01
6.322623491287231445e-01
6.331675052642822266e-01
6.377657651901245117e-01
6.352200508117675781e-01
6.322888731956481934e-01
6.330596804618835449e-01
6.347791552543640137e-01
6.342228651046752930e-01
6.320465803146362305e-01
6.316866874694824219e-01
6.336496472358703613e-01
6.346150040626525879e-01
6.333618760108947754e-01
6.314661502838134766e-01
6.311922073364257812e-01
6.322386264801025391e-01
6.334578990936279297e-01
6.330124139785766602e-01
6.317270994186401367e-01
6.309784650802612305e-01
6.315243840217590332e-01
6.320669054985046387e-01
6.323983073234558105e-01
6.324682831764221191e-01
6.316823959350585938e-01
6.308261752128601074e-01
6.314052939414978027e-01
6.318163275718688965e-01
6.320283412933349609e-01
6.316027045249938965e-01
6.313573122024536133e-01
6.315566897392272949e-01
6.316342353820800781e-01
6.314560174942016602e-01
6.313517689704895020e-01
6.312478184700012207e-01
6.310930252075195312e-01
6.305598020553588867e-01
6.310524344444274902e-01
6.312897205352783203e-01
6.315916180610656738e-01
6.318280100822448730e-01
6.315083503723144531e-01
6.315421462059020996e-01
6.326172947883605957e-01
6.337446570396423340e-01
6.366779208183288574e-01
6.392433643341064453e-01
6.439192295074462891e-01
6.441726684570312500e-01
6.484841108322143555e-01
6.422255039215087891e-01
6.376269459724426270e-01
6.323936581611633301e-01
6.319491267204284668e-01
6.354513764381408691e-01
6.366413831710815430e-01
6.342045664787292480e-01
6.318072080612182617e-01
6.325649619102478027e-01
6.347064375877380371e-01
6.344586610794067383e-01
6.328556537628173828e-01
6.314961314201354980e-01
6.316298842430114746e-01
6.329224109649658203e-01
6.333674192428588867e-01
6.327303647994995117e-01
6.317050457000732422e-01
6.306821107864379883e-01
6.312081813812255859e-01
6.322646737098693848e-01
6.326571106910705566e-01
6.321780681610107422e-01
6.320801973342895508e-01
6.317681670188903809e-01
6.317936182022094727e-01
6.312584280967712402e-01
6.305836439132690430e-01
6.303890347480773926e-01
6.311785578727722168e-01
6.319810152053833008e-01
6.323804259300231934e-01
6.327197551727294922e-01
6.323081254959106445e-01
6.321638226509094238e-01
6.328877210617065430e-01
6.339361071586608887e-01
6.346117854118347168e-01
6.347765922546386719e-01
6.337456703186035156e-01
6.335176825523376465e-01
6.327136158943176270e-01
6.317172646522521973e-01
6.311878561973571777e-01
6.312356591224670410e-01
6.311153173446655273e-01
6.305058002471923828e-01
6.310796737670898438e-01
6.316014528274536133e-01
6.322103142738342285e-01
6.327109336853027344e-01
6.327738165855407715e-01
6.330614686012268066e-01
6.335213184356689453e-01
6.334844231605529785e-01
6.348879933357238770e-01
6.355168819427490234e-01
6.368021368980407715e-01
6.362678408622741699e-01
6.379034519195556641e-01
6.372168064117431641e-01
6.372035741806030273e-01
6.346106529235839844e-01
6.320896148681640625e-01
6.304030418395996094e-01
6.312059760093688965e-01
6.322088837623596191e-01
6.331066489219665527e-01
6.333402991294860840e-01
6.324595808982849121e-01
6.316499114036560059e-01
6.310561895370483398e-01
6.309617757797241211e-01
6.310133337974548340e-01
6.311799883842468262e-01
6.315098404884338379e-01
6.316384077072143555e-01
6.326760053634643555e-01
6.325923204421997070e-01
6.335107088088989258e-01
6.344552040100097656e-01
6.345825791358947754e-01
6.336798667907714844e-01
6.342533826828002930e-01
6.343391537666320801e-01
6.348380446434020996e-01
6.335890293121337891e-01
6.323302388191223145e-01
6.309113502502441406e-01
6.304075717926025391e-01
6.304584145545959473e-01
6.313653588294982910e-01
6.322370767593383789e-01
6.321451663970947266e-01
6.318271160125732422e-01
6.320700645446777344e-01
6.319636106491088867e-01
6.319081783294677734e-01
6.316568255424499512e-01
6.309998631477355957e-01
6.311298608779907227e-01
6.314316987991333008e-01
6.313704848289489746e-01
6.310036778450012207e-01
6.309089064598083496e-01
6.312185525894165039e-01
6.310732364654541016e-01
6.313527226448059082e-01
6.318031549453735352e-01
6.326236724853515625e-01
6.339601874351501465e-01
6.350114345550537109e-01
6.393672227859497070e-01
6.433320641517639160e-01
6.531420946121215820e-01
6.519750356674194336e-01
6.547223925590515137e-01
6.392495632171630859e-01
6.308460235595703125e-01
6.329397559165954590e-01
6.389711499214172363e-01
6.407693028450012207e-01
6.334781646728515625e-01
6.318092942237854004e-01
6.360415220260620117e-01
6.353564262390136719e-01
6.318500638008117676e-01
6.317667961120605469e-01
6.342329978942871094e-01
6.346332430839538574e-01
6.314390301704406738e-01
6.306222677230834961e-01
6.322109103202819824e-01
6.330795288085937500e-01
6.324536800384521484e-01
6.309855580329895020e-01
6.307972669601440430e-01
6.322672963142395020e-01
6.324069499969482422e-01
6.319450139999389648e-01
6.316195130348205566e-01
6.311576962471008301e-01
6.309586167335510254e-01
6.310410499572753906e-01
6.313032507896423340e-01
6.316796541213989258e-01
6.310920119285583496e-01
6.303504109382629395e-01
6.297718882560729980e-01
6.304039359092712402e-01
6.308922171592712402e-01
6.311904191970825195e-01
6.313517689704895020e-01
6.306422948837280273e-01
6.298445463180541992e-01
6.305269002914428711e-01
6.309280395507812500e-01
6.308544874191284180e-01
6.302613019943237305e-01
6.298224925994873047e-01
6.300255060195922852e-01
6.303550601005554199e-01
6.304315328598022461e-01
6.308889985084533691e-01
6.314434409141540527e-01
6.316223144531250000e-01
6.315991878509521484e-01
6.327991485595703125e-01
6.356362700462341309e-01
6.392433047294616699e-01
6.478400826454162598e-01
6.507587432861328125e-01
6.611630320549011230e-01
6.476589441299438477e-01
6.385429501533508301e-01
6.314588785171508789e-01
6.359800100326538086e-01
6.435758471488952637e-01
6.360498070716857910e-01
6.310222148895263672e-01
6.341528296470642090e-01
6.363896131515502930e-01
6.341361999511718750e-01
6.306405067443847656e-01
6.327642202377319336e-01
6.357640624046325684e-01
6.323568224906921387e-01
6.310321092605590820e-01
6.326567530632019043e-01
6.330982446670532227e-01
6.319062709808349609e-01
6.307072043418884277e-01
6.316416263580322266e-01
6.328294873237609863e-01
6.323197484016418457e-01
6.312472224235534668e-01
6.303214430809020996e-01
6.307724714279174805e-01
6.313640475273132324e-01
6.324304342269897461e-01
6.330081224441528320e-01
6.316360235214233398e-01
6.301734447479248047e-01
6.299419999122619629e-01
6.303290724754333496e-01
6.314573287963867188e-01
6.318506002426147461e-01
6.314406991004943848e-01
6.306618452072143555e-01
